														
															
															
	No.	Name/Month	Aug-18	Sep-18	Oct-18	Nov-18	Dec-18	Jan-19	Feb-19	Mar-19	Apr-19	May-19	Jun-19	Total	
	1	Md. Kamrul Hasan Sohel	2050	2050	2050	2050	2050	2050	2050	2050			16400	
	2	Sohel Rana		2050	2050	2050	2050	2050	2050	2050	2050	2050	2050	20500	
	3	Abu Samim		2050	2050	2050	2050	2050	2050	2050	2050	2050	2050	20500	
	4	Al Mamunur Rashid	2050	2050	2050	2050	2050	2050	2050	2050	2050		18450	
	5	Tasnima Nasrin		2050	2050	2050	2050	2050	2050	2050	2050	2050		18450	
	6	Mozaffar Hossen Toufiq	2050	2050	2050	2050	2050	2050	2050	2050	2050	2050	20500	
	7	Saiful Islam		2050	2050	2050	2050	2050	2050	2050	2050	2050	2050	20500	
	8	Manzurul Alam Manzu	2050	2050	2050	2050	2050	2050	2050	2050	2050	2050	20500	
	9	Sabina Yesmin		2050	2050	2050	2050	2050	2050	2050	2050	2050	2050	20500	
	10	Abdus Sabuj		6150	6150	6150	6150	6150	6150	6150	6150	6150	6150	61500	
	11	Abdul Mannan		2050	2050	2050	2050	2050	2050	2050	2050	2050		18450	
	12	Rabiul Islam		2050	2050	2050	2050	2050	2050	2050	2050	2050	2050	20500	
	13	Kashirul Islam		2050	2050	2050	2050	2050	2050	2050	2050	2050	2050	20500	
	14	Md. Shahinur alam shahin2050	2050	2050	2050	2050	2050	2050	2050	2050	2050	20500	
	15	Jahirul Islam Zahid	2050	2050	2050	2050	2050	2050	2050	2050	2050	2050	20500	
	16	Ad. Foysal Kabir Sourov	2050	2050	2050	2050	2050	2050	2050	2050	2050	2050	20500	
	17	Shajahan Ali		2050	2050	2050	2050	2050	2050	2050	2050	2050		18450	
	18	Ekramul Islam		2050	2050	2050	2050	2050						10250	
	19	Sadekul Islam Sadek	2050	2050	2050	2050	2050	2050					12300	
	20	Abdus Sobur		2050	2050	2050	2050	2050	2050	2050	2050	2050	2050	20500	
	21	Habibur Rahman		2000	2000									4000	100 Oct-18
	22	Nuruzzaman		2050	2050	2050	2050	2050	2050	2050				14350	
	23	Md. Azharul Islam 	2050	2050	2050	2050	2050	2050	2050	2050	2050		18450	
	24	Murshida Tankiz Orthi	2050	2050	2050	2050	2050	2050	2050	2050	2050		18450	
			
			Gross Total=	53250	53250	51250	51250	51250	49200	45100	45100	43050	30750	475500	
															
																					
															
															
		Gross Total=	475500Tk										
															
		Cash Amount =	22tk										
															
															
															
		Date		Subject		Amount tk											
		10-07-18	Tea bill	40											
				Khata		60											
		14-08-18	Tea bill	58											
		21-08-18	File book	15											
				Pen		5											
				Total=		178											
															
															
															
		Grand Total	475322	TK											
															
